74 49 57 24 45 92 52 99 22 96 98 61 35 32 85 4 75 76 66 8 
34 68 14 70 11 63 47 73 66 83 81 30 
20 4 73 49 47 86 58 94 80 74 52 17 22 78 3 42 15 



Union: 1 2
4 8 11 14 22 24 30 32 34 35 45 47 49 52 57 61 63 66 68 70 73 74 75 76 81 83 85 92 96 98 99 
Intersection: 1 2
66 
Diff: 1 2
4 8 22 24 32 35 45 49 52 57 61 74 75 76 85 92 96 98 99 
Diff: 2 1
11 14 30 34 47 63 68 70 73 81 83 

Union: 1 3
3 4 8 15 17 20 22 24 32 35 42 45 47 49 52 57 58 61 66 73 74 75 76 78 80 85 86 92 94 96 98 99 
Intersection: 1 3
4 22 49 52 74 
Diff: 1 3
8 24 32 35 45 57 61 66 75 76 85 92 96 98 99 
Diff: 3 1
3 15 17 20 42 47 58 73 78 80 86 94 

Union: 2 3
3 4 11 14 15 17 20 22 30 34 42 47 49 52 58 63 66 68 70 73 74 78 80 81 83 86 94 
Intersection: 2 3
47 73 
Diff: 2 3
11 14 30 34 63 66 68 70 81 83 
Diff: 3 2
3 4 15 17 20 22 42 49 52 58 74 78 80 86 94 

